00000000000000000000000000000000000000000
00000000000000000000000000000000000000000
22222200000000000000000000000000000000002
22222222200000000000000000000022200022222
22222222222000000000020000002222222222222
22222222222222000000002200022220222222222
22222222222222200000000220222000002222222
22222222200000220000000022220000000000022
22222222000000022000000002200000000000000
22200000000000002200000000000000000000000
22000000000000000200000000000000000000000
20000000000000000000000000000000000000000
00000000000000000000000000000000000000000
00000000000000000000000000000000000000000
00000000000000000000000000000000000000000
00000000000000000000000000000000000000000
11111111111111111111111111111111111111111
11111111111111111111111111111111111111111
11111111111111111111111111111111111111111
11111111111111111111111111111111111111111