00000000000000000000000000000000000000000
00000000000000000000000000000000000000000
00000000000000000000000000000000000000000
00000000000000000000000000000000000000000
00000000000000000000000000000000000000000
00000000000000000000000000000000000000000
00000000000000000000000000000000000000000
00000000000000000000000000000000000000000
00000000000000000000000000000000000000000
00000000000000000000000000000000000000000
00000000000000000000000000000000000000000
00000000000000000000000000000011000000000
00000000000000000000000000001111100000000
00000010000000000000000000011000110000000
00000111000000000000000000100000011000000
00001111110000000000000001100000001100000
22222222222222222222222222222222222222222
11111111111111111111111111111111111111111
11111111111111111111111111111111111111111
11111111111111111111111111111111111111111