00000000000000000000000000000222222222222
00002222000000000000000000022222222222222
00222222220000000000000002222222222222222
22222222222222000000002222222222222222222
22222222222222220002222222222222220022222
22222222222222222222222222222222200002222
22222222222222222222222222220000000000222
22222222222222222222222222000000000000022
22222222222222222222222220000000000000002
22220000222222222222222000000000000000000
22000000022222222222200000000000000000000
20000000000022222000000000000000000000000
00000000000000000000000000000000000000000
00000000000000000000000000000000000000000
00000000000000000000000000000000000000000
00000000000000000000000000000000000000000
11111111111111111111111111111111111111111
11111111111111111111111111111111111111111
11111111111111111111111111111111111111111
11111111111111111111111111111111111111111